1619686	1605365	1789134	1204245	701947	644759	741318	606242	419492	433979
2096654	1828792	1912791	1283858	1172218	714845	707710	525486	397655	0
2013759	1736024	1684836	1885917	852724	612746	734329	566127	0	0
1508176	1748213	1714909	1453170	890544	669430	480932	0	0	0
1565750	1640238	2160561	1985603	1127682	871973	0	0	0	0	
2199588	2158210	1854062	1792833	852008	0	0	0	0	0	
2065669	2217071	1818990	1270410	0	0	0	0	0	0	
1858507	2625637	1863646	0	0	0	0	0	0	0	
1783441	1900148	0	0	0	0	0	0	0	0	
1848961	0	0	0	0	0	0	0	0	0	

		